(267.249684017,-28.1640716613) (0.207452690471,0.207629343503) 0.4554047456 0.0157619437025
(270.352408502,-27.2731176644) (0.227442192502,0.221265865521) 0.0 0.0
(266.081085134,-23.5162043303) (0.36342658877,0.36342658877) 3.63289679912 0.0403179887527
(272.286431813,-23.9070487126) (0.312222919137,0.267941316416) 0.0 0.0
(274.287183754,-23.2733938363) (0.24715969135,0.244745829424) 0.0 0.0
(270.946260674,-23.5765462593) (0.24706826093,0.24706826093) 1.61811862853 0.0362000163985
(271.458009475,-23.2450887576) (0.212435277411,0.212435277411) 1.15182527401 0.0181587333311
(272.032883863,-19.7032873662) (0.225499913609,0.225499913609) 1.10449743091 0.0341393645176
(272.248039653,-19.7838255334) (0.216131293557,0.216131293557) 1.1415765588 0.02081870657
(276.166824682,-18.0610935207) (0.246910688874,0.230218282388) 0.0 0.0
(274.602218968,-18.1865742766) (0.234350036095,0.226731586895) 0.0 0.0
(277.632251388,-17.1098893637) (0.236252794145,0.236252794145) 0.904611875572 0.0661079886355
(279.659282116,-13.3957517685) (0.344205084869,0.344205084869) 3.04704002084 0.0545954052338
(277.035347808,-12.1823823697) (0.329306643087,0.329306643087) 3.33374746458 0.0638087205202
(278.047525227,-12.5523966455) (0.257374355229,0.257374355229) 1.74060124067 0.0919806094943
(279.888971769,-14.1878114482) (0.240504129745,0.240504129745) 2.97308953392 0.0297750778352
(276.873652703,-11.8917300079) (0.218599592668,0.215109650286) 0.0 0.0
(280.599105519,-14.3515550345) (0.258761006736,0.258761006736) 1.43509359229 0.0528473369628
(279.965228189,-11.7788597994) (0.243908532658,0.243908532658) 2.39797220885 0.0543193832304
(281.834000499,-12.0421945577) (0.261238806812,0.228564707775) 0.0 0.0
(279.548261093,-11.4031668834) (0.294407339889,0.246261917561) 0.0 0.0
(279.072202377,-7.60274129272) (0.234521546046,0.234521546046) 1.12957934733 0.0370680188077
(280.858348847,-7.82248442903) (0.229996217496,0.229996217496) 1.03107244152 0.0380107405473
(282.554062879,-6.8920362723) (0.238906235566,0.238906235566) 0.666441980216 0.0378130702637
(282.350910245,-5.58498279785) (0.251936191748,0.251936191748) 1.36738670143 0.0378777867137
(283.438429381,-5.50680845713) (0.228599044991,0.228599044991) 0.840031316494 0.0356132924753
(283.220120639,-3.48120201817) (0.232168094995,0.232168094995) 1.69218827621 0.0330618850719
(281.196489622,-4.7862936741) (0.258584479144,0.258584479144) 1.67659641636 0.0440245156953
(281.586115676,-2.74345446505) (0.226943543794,0.220524036188) 0.0 0.0
(283.57307866,-1.72169220629) (0.380821634236,0.380821634236) 3.28938499231 0.0966106582556
(281.743487302,-1.55237255283) (0.248025266891,0.248025266891) 0.607140537348 0.0669140104212
(284.957646547,-0.316655458163) (0.379497447662,0.379497447662) 2.69385048285 0.102425262102
(286.982102109,0.0681712044775) (0.298655659691,0.268422313615) 0.0 0.0
(282.658087263,-0.688323988425) (0.224030013612,0.224030013612) 1.28305718136 0.0542669367717
(285.178490429,0.597646829113) (0.243113651368,0.235113062829) 0.0 0.0
(282.788714843,0.823801501246) (0.274322951956,0.245689538065) 0.0 0.0
(283.818949902,0.518769676872) (0.282578061319,0.282578061319) 1.71854086244 0.093282108915
(286.888157707,2.03796233627) (0.213787209434,0.218556786321) 0.698134038916 0.0193633172924
(287.193642574,2.79930826528) (0.223437466251,0.218477218501) 0.0 0.0
(286.233309323,3.94808854222) (0.283037547031,0.283037547031) 1.34579950505 0.0532988018448
(289.366755954,9.27952062116) (0.208068049359,0.20768641136) 0.0 0.0
(289.433674631,12.8215567861) (0.232245266658,0.22595209949) 0.0 0.0
(291.900664176,15.2813222061) (0.209175932656,0.209175932656) 1.05319549445 0.0159060774408
(305.79604969,38.0899242377) (0.239194370141,0.237042031629) 0.0 0.0
(317.286698163,32.3791351336) (0.255675770164,0.255675770164) 2.54424199628 0.0432313048963
(304.349927117,37.3362577335) (0.215353155464,0.213779870664) 0.0 0.0
(308.825443364,41.4608292626) (0.229616117211,0.229616117211) 1.67791494779 0.0342199404282
(314.685294819,52.313575239) (0.263638985711,0.263638985711) 1.47211097459 0.059201947235
(346.95051627,59.81091111) (0.236849515328,0.230260437312) 0.0 0.0
(354.133277338,59.6193946617) (0.210205443684,0.209880072488) 0.0 0.0
(35.8303573643,63.016863932) (0.256251963544,0.256251963544) 1.4571202293 0.0589524317201
(89.1713292269,31.4951149482) (0.231809181189,0.231489134935) 0.0 0.0
(84.6514062551,28.3537157867) (0.295735580209,0.295735580209) 2.2746520516 0.0627806184125
(86.4210131902,22.4377998483) (0.202794333677,0.20271688318) 0.0 0.0
(94.7693692753,24.5142843902) (0.207130074927,0.205781790933) 1.28816870319 0.00875163251335
(94.6639732117,18.6874706276) (0.29267141516,0.257917683615) 0.0 0.0
(99.3480499716,6.04291711301) (0.311777416739,0.311777416739) 3.16518333722 0.0829090932598
(102.064573789,0.585185159102) (0.236335938673,0.233634411825) 0.0 0.0
(127.619604964,-41.3686479476) (0.219684652942,0.219684652942) 1.05326352149 0.0241890082999
(131.758850198,-44.6702066761) (0.22305862071,0.219152934832) 0.0 0.0
(135.870977376,-45.1219937402) (0.253406814737,0.253406814737) 1.71293639428 0.0445868105039
(155.495025217,-58.5085968979) (0.208806630737,0.208371410621) 0.0 0.0
(163.294239207,-58.6315983807) (0.233711496338,0.233711496338) 1.86996638915 0.0508525104263
(171.769078323,-60.5705794929) (0.211669864532,0.211529641793) 0.0 0.0
(172.093936919,-57.8300773879) (0.216935056034,0.215769395535) 0.0 0.0
(170.511752225,-61.0622576573) (0.225969979162,0.225969979162) 0.927298739579 0.0395919631572
(185.757884938,-50.8660030744) (0.313375760068,0.313375760068) 1.76035220138 0.0768070296844
(184.342648857,-60.7649405423) (0.225842286172,0.221696652515) 0.0 0.0
(197.711507061,-62.4200203869) (0.230708064968,0.224605379155) 0.0 0.0
(203.294861341,-61.3380483636) (0.268809096198,0.268809096198) 0.948980341874 0.0688023427086
(213.932796558,-60.4095049085) (0.394070303943,0.394070303943) 1.70579742563 0.0528298804548
(215.909934841,-59.8191299263) (0.274438303389,0.274438303389) 1.29691980645 0.0371154850299
(225.390216638,-59.7206378884) (0.235692743113,0.224930318533) 0.0 0.0
(231.615371743,-58.9345087487) (0.218281076948,0.216582158807) 0.0 0.0
(233.713747774,-55.9346857956) (0.219817336197,0.218253702216) 0.0 0.0
(239.409968227,-56.0366371638) (0.217548504499,0.217548504499) 0.938827953143 0.0254444041526
(241.813325782,-52.0696464985) (0.234954432574,0.234954432574) 0.966485195736 0.0348944403116
(244.032656947,-49.305185678) (0.225792647797,0.22178170716) 0.0 0.0
(248.115723197,-50.8741175307) (0.233771109082,0.233771109082) 1.38014246042 0.0490037345498
(251.704491372,-47.181164597) (0.238002174149,0.238002174149) 0.935759126861 0.0241741004183
(253.750178228,-45.728520612) (0.217865253515,0.217865253515) 1.1099562952 0.026096770521
(251.521101135,-46.5753551249) (0.225481752104,0.225481752104) 1.05623055203 0.0446777776714
(251.025366585,-47.2488966627) (0.254174197169,0.254174197169) 1.26483497373 0.0286707253048
(249.479447695,-45.9863390198) (0.251629117163,0.251629117163) 2.8293996792 0.100211831445
(250.52920877,-46.0119304027) (0.222766347396,0.218998825863) 0.0 0.0
(250.42984654,-44.4949793168) (0.222737932148,0.222737932148) 0.511918833626 0.0273043571285
(262.10978964,-39.7314877386) (0.29074521768,0.384293598602) 2.83871530095 0.0871497833017
(259.425427937,-38.4677640832) (0.241375544076,0.241375544076) 1.37703943137 0.0346313902607
(258.886658595,-36.8597486164) (0.216179967762,0.213377009531) 0.0 0.0
(260.422638137,-37.7348753207) (0.216028596904,0.213251133676) 0.0 0.0
(259.821259092,-36.3657425647) (0.226943837147,0.218266375394) 0.0 0.0
(266.748578364,-32.7404998269) (0.262974308106,0.257591367918) 0.0 0.0
(261.999939154,-33.9988614089) (0.246005751271,0.246005751271) 1.23307152431 0.0819007090426
(263.780658892,-31.9487883966) (0.235796937237,0.231081834107) 0.0 0.0
(270.248088067,-31.0404354684) (0.370403396666,0.370403396666) 3.40579876002 0.0322331856041
(265.612194957,-32.045488282) (0.271981431953,0.234572055248) 0.0 0.0
(267.714692466,-29.056555018) (0.213520647551,0.491818560314) 3.64836077677 0.0246423475888
(267.577987688,-29.3043856157) (0.231727942038,0.229055997984) 0.0 0.0
(269.083870298,-28.5346640059) (0.301136570075,0.350579204193) 3.97194529144 0.0106048222889
(270.078473699,-29.7964411324) (0.287716937271,0.287716937271) 2.68576864989 0.0745858407624
(270.040273019,-29.2575899789) (0.276048520226,0.276048520226) 2.89045818583 0.0580412932745
(271.728824097,-29.5968366794) (0.289021434669,0.289021434669) 3.81421375835 0.0379135371627
