(137.03, 60.539999999999999) 1.39
(263.99000000000001, 39.119999999999997) 0.74
(18.120000000000001, 61.270000000000003) 0.84
(267.77999999999997, 9.3800000000000008) 1.39
(84.069999999999993, -44.259999999999998) 0.51
(299.06999999999999, -38.359999999999999) 1.39
(343.01999999999998, -27.82) 0.84
(206.63999999999999, 44.869999999999997) 0.56
(306.64999999999998, -7.5499999999999998) 0.56
(283.36000000000001, 48.590000000000003) 1.39
(7.2800000000000002, -55.049999999999997) 1.8
(259.69999999999999, -52.350000000000001) 1.01
(341.81999999999999, -6.0300000000000002) 1.8
(101.75, -30.199999999999999) 1.8
(330.56, 42.229999999999997) 0.56
(250.49000000000001, 41.0) 1.39
(111.15000000000001, 14.140000000000001) 0.56
(256.22000000000003, -62.380000000000003) 1.8
(110.14, 33.079999999999998) 0.84
(181.36000000000001, 54.899999999999999) 1.39
(141.13999999999999, 28.170000000000002) 1.39
(109.45999999999999, 71.140000000000001) 0.56
(122.14, -8.2100000000000009) 0.63
(176.37, 39.920000000000002) 0.84
(16.039999999999999, 58.340000000000003) 0.68
(7.8499999999999996, -2.2999999999999998) 1.39
(136.96000000000001, -2.7400000000000002) 1.8
(84.5, 13.970000000000001) 1.01
(129.97999999999999, 0.83999999999999997) 1.39
(4.7699999999999996, -5.3499999999999996) 1.8
(140.16, 44.560000000000002) 0.68
(55.700000000000003, -25.199999999999999) 1.39
(256.91000000000003, 77.170000000000002) 1.8
(47.18, 10.4) 0.74
(276.98000000000002, -52.329999999999998) 1.39
(287.49000000000001, -80.230000000000004) 1.39
(83.230000000000004, 21.600000000000001) 1.39
(198.03, 55.299999999999997) 1.39
(214.86000000000001, 35.990000000000002) 0.74
(339.35000000000002, -14.4) 0.68
(217.09, -41.829999999999998) 0.63
(343.56999999999999, 16.210000000000001) 0.53
(53.439999999999998, 32.520000000000003) 1.8
(97.189999999999998, -20.18) 0.84
(352.31, -21.460000000000001) 1.39
(207.78, -11.17) 0.74
(199.72, -33.630000000000003) 1.39
(337.38, -7.8700000000000001) 1.3
(18.030000000000001, 23.039999999999999) 1.39
(74.060000000000002, -23.559999999999999) 0.49
(172.33000000000001, -19.23) 0.68
(132.31999999999999, 50.57) 0.63
(350.44999999999999, 32.07) 1.01
(153.94, 4.8399999999999999) 1.39
(72.069999999999993, 11.109999999999999) 1.01
(174.19999999999999, -6.21) 1.8
(238.56, 13.27) 1.01
(121.5, 52.700000000000003) 1.39
(271.95999999999998, 78.560000000000002) 0.68
(41.700000000000003, -46.670000000000002) 1.01
(323.51999999999998, -1.96) 1.39
(333.60000000000002, -26.66) 1.39
(315.87, 45.710000000000001) 1.01
(263.19999999999999, -12.98) 0.84
(258.88, -33.700000000000003) 1.01
(203.18000000000001, -4.9699999999999998) 0.59
(39.280000000000001, 60.670000000000002) 0.95
(259.88, 18.02) 1.01
(191.56, -25.879999999999999) 0.63
(79.319999999999993, 45.490000000000002) 1.39
(65.659999999999997, -1.49) 1.39
(198.28999999999999, 48.850000000000001) 0.59
(36.990000000000002, -56.450000000000003) 1.39
(356.35000000000002, -15.890000000000001) 0.41
(32.420000000000002, -51.189999999999998) 0.68
(328.63, -30.489999999999998) 0.86
(303.22000000000003, 37.189999999999998) 1.39
(81.299999999999997, 16.010000000000002) 1.8
(24.809999999999999, 47.509999999999998) 1.8
(100.11, 5.7800000000000002) 1.39
(270.92000000000002, -39.310000000000002) 0.63
(91.079999999999998, -70.280000000000001) 1.39
(326.06999999999999, 17.719999999999999) 1.8
(228.34, -9.1199999999999992) 0.5
(33.18, 10.1) 0.68
(268.36000000000001, 32.549999999999997) 1.01
(116.92, 24.170000000000002) 1.39
(224.75999999999999, -35.57) 0.63
(288.57999999999998, -35.960000000000001) 1.39
(308.58999999999997, 40.93) 1.08
(95.650000000000006, 33.630000000000003) 0.46
(320.5, -46.030000000000001) 1.8
(112.23999999999999, -11.710000000000001) 0.95
(122.8, 2.4900000000000002) 1.39
(53.43, -40.369999999999997) 1.39
(299.19, -42.840000000000003) 1.39
(159.56999999999999, -53.170000000000002) 0.84
(184.36000000000001, 29.940000000000001) 1.39
(250.28999999999999, 47.560000000000002) 1.39
(268.0, -32.969999999999999) 1.39
(226.28, 10.49) 0.35
(195.99000000000001, -64.920000000000002) 0.86
(202.86000000000001, -55.850000000000001) 1.8
(48.140000000000001, 1.3500000000000001) 1.8
(203.41, 4.6900000000000004) 1.39
(37.140000000000001, -36.490000000000002) 1.39
(132.41, -12.27) 0.84
(33.840000000000003, 1.77) 1.39
(233.37, -13.390000000000001) 0.53
(208.34, 30.210000000000001) 1.39
(350.73000000000002, -3.8500000000000001) 1.39
(136.30000000000001, -35.869999999999997) 1.39
(162.81999999999999, 4.6900000000000004) 1.39
(305.99000000000001, 33.759999999999998) 1.39
(178.24000000000001, 49.729999999999997) 0.68
(149.43000000000001, -13.9) 1.39
(265.31999999999999, 50.109999999999999) 1.39
(230.75, 31.620000000000001) 0.59
(338.35000000000002, 11.800000000000001) 0.84
(353.25, -66.290000000000006) 1.39
(352.17000000000002, -49.789999999999999) 0.84
(328.85000000000002, -83.959999999999994) 1.39
(75.920000000000002, -1.77) 1.39
(121.02, 61.530000000000001) 1.39
(76.120000000000005, 4.6900000000000004) 0.74
(265.80000000000001, 52.100000000000001) 1.01
(287.56, -20.050000000000001) 1.3
(187.43000000000001, 2.1600000000000001) 0.63
(30.949999999999999, 15.5) 1.39
(282.57999999999998, 32.350000000000001) 0.63
(332.38, -53.719999999999999) 1.39
(36.289999999999999, 42.920000000000002) 0.84
(137.24000000000001, -50.170000000000002) 1.39
(57.75, -21.059999999999999) 1.8
(55.259999999999998, -2.4300000000000002) 1.8
(34.789999999999999, 35.729999999999997) 1.39
(269.92000000000002, -48.829999999999998) 1.39
(249.16, 38.280000000000001) 0.63
(161.56999999999999, -29.32) 1.39
(165.18000000000001, 0.91000000000000003) 1.8
(34.969999999999999, -27.989999999999998) 1.39
(18.41, 32.200000000000003) 1.01
(161.49000000000001, 81.379999999999995) 1.39
(105.88, -46.740000000000002) 1.39
(194.27000000000001, -5.8200000000000003) 0.51
(165.75, 37.890000000000001) 1.39
(276.31999999999999, 56.840000000000003) 1.01
(133.77000000000001, 20.449999999999999) 0.74
(38.729999999999997, -61.600000000000001) 0.84
(265.0, 27.289999999999999) 1.39
(186.22, 21.370000000000001) 0.51
(202.31999999999999, -70.170000000000002) 1.01
(160.16999999999999, 6.21) 1.39
(278.63, -21.059999999999999) 0.51
(158.34999999999999, 60.939999999999998) 0.63
(190.12, 4.4100000000000001) 1.01
(57.740000000000002, 79.939999999999998) 1.39
(171.21000000000001, -64.430000000000007) 1.8
(255.11000000000001, 68.579999999999998) 0.84
(257.69999999999999, 43.380000000000003) 0.51
(52.479999999999997, 22.390000000000001) 1.8
(18.940000000000001, -11.539999999999999) 0.68
(39.5, 28.579999999999998) 0.59
(352.56999999999999, 9.3599999999999994) 1.39
(116.55, 1.5600000000000001) 1.8
(283.29000000000002, 67.090000000000003) 0.49
(108.05, 19.5) 1.01
(155.78, -31.93) 1.39
(291.02999999999997, -21.190000000000001) 0.84
(329.89999999999998, 31.460000000000001) 1.39
(84.890000000000001, -34.210000000000001) 1.8
(353.29000000000002, -40.439999999999998) 1.01
(229.25999999999999, -31.629999999999999) 1.8
(45.649999999999999, -24.460000000000001) 0.84
(207.21000000000001, -29.579999999999998) 1.39
(300.25999999999999, 44.189999999999998) 1.39
(119.83, -56.450000000000003) 1.39
(103.04000000000001, 45.07) 0.84
(148.75999999999999, 65.879999999999995) 1.39
(266.67000000000002, 70.230000000000004) 0.84
(112.62, 36.979999999999997) 1.39
(80.079999999999998, -36.43) 1.39
(137.66999999999999, 1.5900000000000001) 1.39
(70.450000000000003, -0.73999999999999999) 1.01
(60.649999999999999, -36.210000000000001) 0.59
(39.719999999999999, 16.52) 0.44
(83.260000000000005, 7.2300000000000004) 0.84
(50.149999999999999, 41.630000000000003) 0.84
(198.25, 32.490000000000002) 0.84
(131.43000000000001, 70.769999999999996) 1.39
(170.21000000000001, -5.5) 0.84
(84.370000000000005, -54.960000000000001) 1.39
(66.939999999999998, -60.369999999999997) 1.39
(115.18000000000001, 54.960000000000001) 0.68
(314.16000000000003, -47.350000000000001) 0.74
(149.38, 24.370000000000001) 1.39
(330.62, 50.770000000000003) 0.74
(339.75, -39.359999999999999) 1.39
(67.019999999999996, -38.049999999999997) 0.49
(167.58000000000001, 34.829999999999998) 1.8
(195.03999999999999, -22.739999999999998) 1.39
(153.47, 24.32) 1.39
(147.16999999999999, 1.1299999999999999) 1.08
(83.239999999999995, -48.409999999999997) 0.59
(327.06, -75.450000000000003) 0.68
(30.870000000000001, 30.370000000000001) 0.68
(309.07999999999998, 11.16) 1.39
(351.55000000000001, 40.390000000000001) 1.39
(42.880000000000003, -22.600000000000001) 0.74
(254.18000000000001, 48.340000000000003) 1.39
(347.93000000000001, 34.340000000000003) 0.68
(180.22999999999999, 29.510000000000002) 0.63
(30.960000000000001, -17.300000000000001) 1.8
(127.78, 4.21) 1.39
(246.58000000000001, -25.73) 0.74
